0 1583
1 1585
2 1607
3 1674
4 1723
5 1740
6 1748
7 1754
8 1756
9 1824
10 1831
11 1837
12 1883
13 1927
14 1947
15 1956
16 1998
17 2003
18 2034
19 2041
20 2041
21 2041
22 2041
23 2041
24 2041
25 2041
26 2041
27 2041
28 2041
29 2041
30 2041
31 2041
32 2041
33 2041
34 2041
35 2041
36 2041
37 2041
38 2041
39 2041
40 2041
41 2041
42 2041
43 2041
44 2041
45 2041
46 2041
47 2041
48 2041
49 2041
50 2041
51 2041
52 2041
53 2041
54 2041
55 2041
56 2041
57 2041
58 2041
59 2041
60 2041
61 2041
62 2041
63 2041
64 2041
65 2041
66 2041
67 2041
68 2041
69 2041
70 2041
71 2041
72 2041
73 2041
74 2041
75 2041
76 2041
77 2041
78 2041
79 2041
80 2041
81 2041
82 2041
83 2041
84 2041
85 2041
86 2041
87 2041
88 2041
89 2041
90 2041
91 2041
92 2041
93 2041
94 2041
95 2041
96 2041
97 2041
98 2041
99 2041
