27 1 182404 1
27 77 267396 1
27 50 266567 1
27 159 263171 1
27 158 259035 1
27 157 258803 1
27 156 258684 1
27 155 258562 1
27 154 258305 1
27 153 258170 1
27 152 258170 1
27 151 257917 1
27 114 252155 1
27 30 251702 1
27 26 250517 1
27 53 247348 1
27 37 246647 1
27 25 244376 1
27 62 244376 1
27 150 242613 1
27 149 205914 1
27 148 205914 1
27 109 202869 1
27 97 201897 1
27 147 200014 1
27 146 198942 1
27 145 198807 1
27 144 197064 1
27 143 196228 1
27 107 195962 1
27 142 195716 1
27 68 195586 1
27 76 190674 1
27 8 187187 1
27 65 187563 1
27 66 185964 1
27 12 183477 1
27 3 183111 1
27 60 183111 1
27 45 182632 1
27 24 182404 1
27 18 162840 1
27 33 113917 1
27 38 114046 1
27 9 114046 1
27 48 114046 1
27 39 114165 1
27 40 114165 1
27 55 114165 1
27 5 114165 1
27 6 114165 1
27 13 113921 1
27 4 114298 1
27 21 114801 1
27 35 115778 1
27 42 115778 1
27 14 116134 1
27 20 116251 1
27 47 117173 1
27 22 118642 1
27 19 118765 1
27 16 118765 1
27 134 122820 1
27 135 124284 1
27 136 125058 1
27 137 158056 1
27 23 158793 1
27 2 158800 1
27 15 159159 1
27 61 159159 1
27 36 164502 1
27 17 164617 1
27 138 173814 1
27 139 176564 1
27 140 177171 1
27 141 177178 1
27 32 179547 1
27 43 179547 1
27 31 179547 1
18 95 203139 1
18 77 265907 1
18 59 264741 1
18 53 261989 1
18 16 257305 1
18 39 256935 1
18 11 256807 1
18 76 251357 1
18 41 250627 1
18 25 250504 1
18 99 248366 1
18 98 206831 1
18 97 204087 1
18 96 203738 1
18 43 114114 1
18 20 114241 1
18 6 114737 1
18 13 114966 1
18 21 114966 1
18 5 114966 1
18 14 118649 1
18 35 159228 1
18 45 160564 1
18 2 160925 1
18 23 160925 1
18 27 161060 1
18 48 161547 1
18 38 162653 1
18 19 162653 1
18 31 162779 1
18 12 164808 1
18 26 164457 1
18 91 169160 1
18 9 169526 1
18 50 170999 1
18 15 170999 1
18 8 171234 1
18 24 171114 1
18 65 172711 1
18 60 172950 1
18 47 172950 1
18 22 173072 1
18 55 173072 1
18 4 173545 1
18 61 174148 1
18 10 176924 1
18 17 176938 1
18 37 177063 1
18 1 179360 1
18 42 182269 1
18 74 183367 1
18 36 183367 1
18 3 184545 1
18 32 185371 1
18 66 186020 1
18 81 187111 1
18 89 192166 1
18 92 195423 1
18 93 199148 1
18 94 196857 1
43 17 114045 1
43 39 248022 1
43 99 248137 1
43 14 246845 1
43 25 243833 1
43 165 243352 1
43 213 190994 1
43 36 183139 1
43 74 182776 1
43 19 182538 1
43 59 182538 1
43 52 182538 1
43 27 179891 1
43 32 176735 1
43 30 176853 1
43 12 176485 1
43 42 173136 1
43 18 173133 1
43 5 172387 1
43 26 172036 1
43 31 172036 1
43 8 171917 1
43 60 171314 1
43 3 171192 1
43 84 171058 1
43 65 170827 1
43 50 170827 1
43 1 163432 1
43 23 163306 1
43 88 162232 1
43 47 158916 1
43 13 114045 1
43 41 171795 1
43 38 171795 1
43 35 247074 1
43 62 247789 1
43 53 247789 1
43 21 249702 1
43 4 249702 1
43 61 171556 1
43 2 171556 1
43 9 171556 1
43 55 172640 1
43 10 172640 1
43 6 173003 1
43 22 173003 1
43 37 173003 1
43 15 250318 1
43 76 250803 1
43 11 250803 1
43 45 250803 1
43 48 179409 1
43 20 114038 1
20 3 116504 1
20 77 265929 1
20 57 259576 1
20 32 244657 1
20 89 184175 1
20 59 183940 1
20 204 181496 1
20 52 179698 1
20 74 176451 1
20 51 175341 1
20 21 171694 1
20 65 170704 1
20 50 170589 1
20 60 170589 1
20 26 170137 1
20 61 168960 1
20 44 167983 1
20 6 167277 1
20 125 167167 1
20 133 166826 1
20 11 166593 1
20 38 166593 1
20 63 165522 1
20 47 163356 1
20 88 163102 1
20 48 161617 1
20 18 161137 1
20 19 160060 1
20 24 119002 1
20 41 118763 1
20 5 116982 1
20 23 165164 1
20 15 165164 1
20 17 266412 1
20 39 266412 1
20 1 178353 1
20 8 173772 1
20 16 266984 1
20 35 267468 1
20 45 267468 1
20 13 267830 1
20 27 267830 1
20 55 251109 1
20 37 178231 1
20 33 114352 1
20 25 252438 1
20 12 160299 1
20 73 252311 1
20 31 167635 1
20 10 167635 1
20 2 167635 1
20 43 247993 1
20 53 247986 1
20 22 114011 1
20 9 114011 1
20 40 114011 1
20 14 114953 1
20 4 115670 1
35 12 163577 1
35 40 266273 1
35 59 265904 1
35 76 264749 1
35 51 261541 1
35 114 258415 1
35 75 251273 1
35 84 250577 1
35 73 250462 1
35 25 248069 1
35 238 238876 1
35 202 192361 1
35 89 191638 1
35 44 189405 1
35 16 187614 1
35 8 187387 1
35 66 186465 1
35 74 186233 1
35 30 184987 1
35 53 184870 1
35 32 184271 1
35 37 183907 1
35 50 176405 1
35 62 174492 1
35 17 172063 1
35 52 171573 1
35 102 167938 1
35 6 165553 1
35 54 165081 1
35 9 164971 1
35 11 164739 1
35 27 162132 1
35 19 162132 1
35 61 161409 1
35 39 160650 1
35 23 159911 1
35 4 115718 1
35 38 115594 1
35 41 115124 1
35 24 115014 1
35 60 114905 1
35 15 114423 1
35 3 114423 1
35 47 114200 1
35 2 163577 1
35 21 178108 1
35 45 178108 1
35 55 178108 1
35 31 178108 1
35 20 162729 1
35 42 118492 1
35 1 188085 1
35 5 184849 1
35 14 249883 1
35 18 177499 1
35 22 177622 1
35 13 184025 1
35 43 243506 1
35 10 243506 1
35 26 250228 1
35 48 250228 1
35 208 258660 1
12 39 261213 1
12 30 267468 1
12 1 267345 1
12 16 266746 1
12 77 265537 1
12 59 263978 1
12 119 263867 1
12 53 261465 1
12 13 179081 1
12 41 181152 1
12 113 151853 1
12 19 159442 1
12 23 159684 1
12 20 159938 1
12 65 160418 1
12 2 158945 1
12 18 161408 1
12 48 161531 1
12 35 162261 1
12 38 162971 1
12 26 164384 1
12 14 164616 1
12 9 165198 1
12 45 165203 1
12 54 165430 1
12 102 165811 1
12 47 166044 1
12 10 166044 1
12 61 166755 1
12 15 166530 1
12 3 168519 1
12 50 168526 1
12 24 168781 1
12 8 170101 1
12 31 169622 1
12 11 171215 1
12 17 172548 1
12 60 172785 1
12 55 173772 1
12 21 178704 1
12 22 181145 1
12 42 181622 1
12 6 183051 1
12 27 184250 1
12 32 189147 1
12 114 242762 1
12 43 242877 1
12 118 249726 1
12 5 260956 1
12 4 261213 1
2 65 182987 1
2 114 259621 1
2 16 256485 1
2 40 254686 1
2 89 249007 1
2 25 243531 1
2 207 241262 1
2 32 186710 1
2 74 181115 1
2 41 181944 1
2 81 179435 1
2 59 179307 1
2 24 179059 1
2 43 171276 1
2 10 171276 1
2 4 171030 1
2 8 169707 1
2 47 166623 1
2 133 166501 1
2 37 166501 1
2 84 166135 1
2 102 166014 1
2 54 164961 1
2 5 164961 1
2 14 164620 1
2 31 164142 1
2 38 162356 1
2 39 160261 1
2 19 159052 1
2 61 159052 1
2 209 154705 1
2 62 245685 1
2 75 257694 1
2 44 247474 1
2 12 182766 1
2 42 182766 1
2 35 165779 1
2 45 165654 1
2 91 250828 1
2 46 247837 1
2 50 159174 1
2 60 258141 1
2 11 258141 1
2 76 258141 1
2 15 258141 1
2 1 189664 1
2 3 250323 1
2 22 250323 1
2 27 243759 1
2 18 180148 1
2 17 161503 1
2 13 161007 1
2 23 161007 1
2 53 261413 1
2 26 173634 1
2 6 173634 1
2 20 173634 1
2 55 189784 1
2 30 256986 1
2 9 256986 1
2 48 161496 1
2 21 161745 1
21 35 164449 1
21 51 261522 1
21 211 255294 1
21 76 254682 1
21 36 254448 1
21 101 252333 1
21 25 250220 1
21 99 248158 1
21 32 247905 1
21 66 246135 1
21 133 245053 1
21 257 205616 1
21 74 183690 1
21 80 182055 1
21 59 181353 1
21 52 181466 1
21 81 178637 1
21 12 178518 1
21 65 178004 1
21 54 178396 1
21 50 176555 1
21 55 172353 1
21 61 171302 1
21 102 167297 1
21 91 165646 1
21 11 164560 1
21 31 163000 1
21 19 162879 1
21 88 161942 1
21 43 129537 1
21 41 119206 1
21 15 117959 1
21 37 117209 1
21 16 115658 1
21 38 115028 1
21 3 114667 1
21 27 114431 1
21 7 114077 1
21 20 114077 1
21 8 180738 1
21 10 171185 1
21 4 171185 1
21 60 171185 1
21 6 171185 1
21 23 185049 1
21 5 185042 1
21 18 164449 1
21 9 170234 1
21 13 170465 1
21 22 170465 1
21 14 170472 1
21 33 113960 1
21 17 113960 1
21 42 180849 1
21 45 180849 1
21 24 180983 1
21 62 180731 1
21 26 250347 1
21 47 250347 1
21 39 250347 1
21 1 250347 1
21 48 117330 1
21 2 184915 1
23 31 152448 1
23 263 258324 1
23 66 252167 1
23 74 251305 1
23 4 250709 1
23 73 250231 1
23 62 249404 1
23 46 248678 1
23 39 245892 1
23 65 246856 1
23 25 243991 1
23 202 242890 1
23 59 207948 1
23 98 206389 1
23 95 206267 1
23 149 206267 1
23 255 203664 1
23 147 202216 1
23 234 201153 1
23 262 199123 1
23 146 199123 1
23 145 198996 1
23 93 198525 1
23 69 198404 1
23 104 198160 1
23 108 198026 1
23 71 198026 1
23 148 197900 1
23 261 197667 1
23 94 197667 1
23 144 197413 1
23 143 196448 1
23 142 195857 1
23 260 195237 1
23 181 194277 1
23 180 194277 1
23 8 191036 1
23 35 183684 1
23 6 178723 1
23 52 169162 1
23 44 168063 1
23 10 167815 1
23 51 166838 1
23 53 166233 1
23 1 163399 1
23 21 162791 1
23 38 162432 1
23 61 160088 1
23 50 158626 1
23 236 156057 1
23 13 118472 1
23 41 118242 1
23 37 116446 1
23 16 115480 1
23 40 114989 1
23 18 114514 1
23 9 114049 1
23 20 113922 1
23 19 251663 1
23 45 168545 1
23 3 246007 1
23 60 250115 1
23 11 250115 1
23 26 250115 1
23 47 250115 1
23 109 205914 1
23 17 253385 1
23 14 165057 1
23 27 205088 1
23 48 250355 1
23 42 250355 1
23 63 165510 1
23 32 249888 1
23 15 249888 1
23 5 165990 1
23 43 249531 1
23 2 249531 1
23 22 249531 1
23 259 170010 1
23 55 118358 1
23 24 118358 1
26 11 164778 1
26 77 267819 1
26 41 258560 1
26 91 252758 1
26 75 251547 1
26 76 250826 1
26 40 250580 1
26 60 250463 1
26 25 250463 1
26 39 250228 1
26 198 200668 1
26 46 198143 1
26 201 197531 1
26 32 194031 1
26 19 190019 1
26 15 188703 1
26 30 187420 1
26 59 184027 1
26 61 183421 1
26 65 180989 1
26 24 179787 1
26 42 172779 1
26 17 171546 1
26 8 171546 1
26 44 167854 1
26 37 167854 1
26 62 167606 1
26 48 167480 1
26 50 167371 1
26 2 165143 1
26 54 165020 1
26 35 164898 1
26 12 164898 1
26 21 250586 1
26 55 250586 1
26 1 180748 1
26 14 180748 1
26 6 171795 1
26 43 171795 1
26 10 189901 1
26 23 189901 1
26 45 250115 1
26 47 250115 1
26 18 250115 1
26 53 252516 1
26 16 259047 1
26 89 261538 1
26 9 261538 1
26 31 166664 1
26 3 171922 1
26 20 171922 1
26 22 173634 1
26 4 172288 1
26 5 181122 1
26 27 164310 1
26 13 164423 1
26 38 164662 1
5 27 251357 1
5 211 255574 1
5 32 189794 1
5 52 189203 1
5 30 188135 1
5 59 184049 1
5 1 181885 1
5 19 178256 1
5 91 169271 1
5 51 166907 1
5 53 166171 1
5 15 165823 1
5 54 165585 1
5 12 165123 1
5 2 165014 1
5 255 164781 1
5 253 138212 1
5 254 121157 1
5 23 117078 1
5 37 117078 1
5 47 116469 1
5 22 116724 1
5 13 116591 1
5 42 115740 1
5 16 115507 1
5 38 115288 1
5 60 115397 1
5 39 115170 1
5 7 114692 1
5 41 114354 1
5 24 114350 1
5 3 114350 1
5 55 180075 1
5 35 255447 1
5 11 255447 1
5 21 255447 1
5 17 255447 1
5 45 169510 1
5 48 169510 1
5 36 170496 1
5 14 171826 1
5 4 171953 1
5 10 171953 1
5 61 171953 1
5 6 171953 1
5 43 171953 1
5 8 173161 1
5 26 173407 1
5 18 166062 1
5 20 166062 1
5 31 184880 1
5 9 195877 1
6 61 181792 1
6 76 265469 1
6 119 264279 1
6 165 262179 1
6 60 247162 1
6 66 246445 1
6 15 244763 1
6 16 180787 1
6 81 179112 1
6 30 175742 1
6 55 172929 1
6 41 172078 1
6 62 167173 1
6 44 168258 1
6 10 167291 1
6 37 166584 1
6 133 166473 1
6 11 166473 1
6 84 166132 1
6 65 165654 1
6 50 165654 1
6 26 165429 1
6 38 165429 1
6 12 165190 1
6 36 164697 1
6 47 116517 1
6 42 115812 1
6 39 115208 1
6 18 114714 1
6 9 114131 1
6 33 114018 1
6 40 114018 1
6 45 113902 1
6 17 113902 1
6 22 113895 1
6 24 251119 1
6 27 267150 1
6 21 267259 1
6 2 267259 1
6 77 267259 1
6 4 116392 1
6 48 116392 1
6 32 248624 1
6 14 182384 1
6 35 182384 1
6 1 182384 1
6 52 182512 1
6 8 171595 1
6 43 180552 1
6 13 180552 1
6 31 180552 1
6 20 267834 1
6 59 183465 1
6 5 174029 1
6 19 245361 1
9 40 114109 1
9 77 268102 1
9 51 261156 1
9 76 259204 1
9 15 257396 1
9 75 257396 1
9 24 192302 1
9 66 190377 1
9 27 183580 1
9 13 182640 1
9 59 182523 1
9 204 181462 1
9 52 179030 1
9 11 178294 1
9 1 177804 1
9 42 177804 1
9 31 177695 1
9 32 176960 1
9 30 176730 1
9 20 174060 1
9 48 171531 1
9 43 171406 1
9 4 170194 1
9 17 170440 1
9 60 167990 1
9 65 166922 1
9 50 166805 1
9 102 166690 1
9 21 165628 1
9 47 165509 1
9 54 165387 1
9 99 155286 1
9 23 118557 1
9 22 115317 1
9 7 114220 1
9 14 114220 1
9 5 114220 1
9 35 184109 1
9 19 179155 1
9 18 179155 1
9 38 165265 1
9 12 165265 1
9 26 165265 1
9 6 258729 1
9 2 258729 1
9 45 182645 1
9 37 265709 1
9 55 173601 1
9 10 181448 1
9 61 183984 1
9 41 183984 1
9 8 183984 1
9 3 113987 1
9 16 114109 1
19 3 120054 1
19 77 267203 1
19 51 261722 1
19 75 258537 1
19 30 257612 1
19 76 253020 1
19 40 252055 1
19 4 249025 1
19 45 246743 1
19 6 244223 1
19 205 198742 1
19 42 190473 1
19 8 187278 1
19 89 183662 1
19 59 179919 1
19 24 179664 1
19 10 178107 1
19 50 177976 1
19 33 177608 1
19 74 176155 1
19 37 176155 1
19 5 175656 1
19 99 175082 1
19 38 162365 1
19 31 162119 1
19 88 160883 1
19 43 160883 1
19 65 160526 1
19 39 160272 1
19 20 159654 1
19 1 159174 1
19 61 159059 1
19 2 158943 1
19 12 158943 1
19 221 131254 1
19 183 127793 1
19 198 127564 1
19 220 127211 1
19 218 127211 1
19 199 127211 1
19 174 126513 1
19 175 126513 1
19 80 126513 1
19 118 125673 1
19 136 125673 1
19 109 125440 1
19 229 124464 1
19 235 124344 1
19 60 120410 1
19 9 178589 1
19 18 190833 1
19 35 190833 1
19 26 190833 1
19 23 190833 1
19 21 162729 1
19 66 261465 1
19 32 248680 1
19 15 250474 1
19 17 250474 1
19 27 185976 1
19 16 187985 1
19 55 190232 1
19 44 189532 1
19 47 252281 1
19 25 252281 1
19 11 267214 1
19 22 175193 1
19 41 175193 1
19 52 182097 1
19 48 185846 1
19 13 118479 1
19 14 118115 1
10 12 166157 1
10 30 256395 1
10 76 250842 1
10 40 250719 1
10 39 247344 1
10 133 245654 1
10 213 191028 1
10 24 190093 1
10 66 187844 1
10 59 184011 1
10 14 183173 1
10 36 183055 1
10 74 182572 1
10 204 181488 1
10 52 179073 1
10 212 179317 1
10 32 176393 1
10 89 176393 1
10 62 174450 1
10 42 172917 1
10 55 172665 1
10 3 171567 1
10 60 171326 1
10 4 171326 1
10 22 168269 1
10 84 168269 1
10 44 168147 1
10 48 167894 1
10 20 167894 1
10 91 166382 1
10 102 166270 1
10 47 166157 1
10 16 184395 1
10 11 250966 1
10 8 182333 1
10 9 183295 1
10 19 179449 1
10 37 179449 1
10 2 167906 1
10 23 167906 1
10 41 256650 1
10 15 256650 1
10 18 251577 1
10 6 173043 1
10 26 173043 1
10 17 260133 1
10 1 178581 1
10 25 251805 1
10 21 129676 1
10 43 114515 1
10 27 158941 1
10 35 160043 1
10 61 161532 1
10 53 162474 1
10 45 162719 1
10 50 164709 1
10 38 164823 1
10 13 164830 1
10 5 164948 1
10 31 164948 1
10 65 166034 1
55 45 257994 1
55 44 268288 1
55 192 262993 1
55 57 257289 1
55 75 255813 1
55 66 252717 1
55 76 249951 1
55 89 249951 1
55 53 248249 1
55 92 246802 1
55 47 245739 1
55 252 214680 1
55 251 211245 1
55 230 210898 1
55 186 210652 1
55 250 208247 1
55 249 207878 1
55 217 207878 1
55 107 205642 1
55 187 205531 1
55 205 198821 1
55 13 186953 1
55 30 185866 1
55 65 184930 1
55 36 182894 1
55 59 182163 1
55 204 181441 1
55 50 180506 1
55 52 179055 1
55 212 179167 1
55 74 176133 1
55 85 175888 1
55 99 175027 1
55 51 174911 1
55 84 174789 1
55 11 174789 1
55 43 172898 1
55 42 172898 1
55 21 172783 1
55 31 172783 1
55 8 172668 1
55 60 172668 1
55 2 172668 1
55 248 124440 1
55 247 124201 1
55 246 122282 1
55 245 122282 1
55 244 122282 1
55 15 120709 1
55 24 119415 1
55 16 116413 1
55 37 117869 1
55 23 117386 1
55 41 114502 1
55 33 113881 1
55 9 113874 1
55 12 267811 1
55 27 267811 1
55 17 265844 1
55 38 174667 1
55 19 252584 1
55 14 252584 1
55 1 252584 1
55 35 184594 1
55 22 184594 1
55 110 251990 1
55 232 251990 1
55 40 115797 1
55 3 248624 1
55 39 248624 1
55 62 249473 1
55 25 249473 1
55 20 250793 1
55 48 188601 1
55 32 188601 1
55 10 173130 1
55 18 173130 1
55 4 173130 1
55 5 180849 1
55 26 172543 1
55 6 172543 1
55 61 172543 1
13 2 159652 1
13 77 264799 1
13 59 263462 1
13 30 255447 1
13 1 249231 1
13 25 248624 1
13 62 248482 1
13 32 186036 1
13 53 184382 1
13 10 182123 1
13 41 176211 1
13 50 169454 1
13 31 169337 1
13 37 167906 1
13 44 167792 1
13 133 166438 1
13 84 166078 1
13 9 165960 1
13 54 165834 1
13 45 165579 1
13 12 164862 1
13 11 164623 1
13 26 164111 1
13 65 160986 1
13 8 175022 1
13 55 186753 1
13 35 173814 1
13 61 179449 1
13 27 179449 1
13 43 114004 1
13 4 114117 1
13 5 114352 1
13 7 114352 1
13 38 114352 1
13 21 114467 1
13 60 114578 1
13 22 114578 1
13 17 114578 1
13 24 114823 1
13 39 114934 1
13 16 115296 1
13 42 115540 1
13 3 115664 1
13 47 116016 1
13 48 116132 1
13 6 116132 1
13 23 116139 1
13 20 116139 1
13 40 116146 1
13 14 116392 1
13 18 117899 1
13 19 117899 1
13 171 120372 1
13 172 121086 1
13 173 121557 1
13 174 121783 1
13 175 121783 1
13 176 126240 1
13 177 126233 1
13 170 133268 1
13 137 157951 1
13 15 159652 1
22 53 180192 1
22 111 252193 1
22 91 251311 1
22 75 251195 1
22 46 249283 1
22 66 249030 1
22 62 246825 1
22 25 246811 1
22 76 246577 1
22 110 244914 1
22 109 197560 1
22 108 195741 1
22 107 195040 1
22 106 194557 1
22 94 194053 1
22 105 194053 1
22 104 193919 1
22 27 185227 1
22 36 182950 1
22 10 182950 1
22 74 181480 1
22 12 180309 1
22 14 113896 1
22 16 113896 1
22 23 113896 1
22 7 114013 1
22 43 114013 1
22 13 114013 1
22 20 114013 1
22 45 114013 1
22 35 114132 1
22 15 114132 1
22 47 114132 1
22 39 114253 1
22 3 114253 1
22 24 114363 1
22 60 114363 1
22 5 114625 1
22 17 114736 1
22 42 114736 1
22 41 114855 1
22 38 114862 1
22 37 114978 1
22 6 114978 1
22 40 114978 1
22 55 114983 1
22 48 115941 1
22 21 115948 1
22 9 168177 1
22 61 168423 1
22 84 168423 1
22 65 168545 1
22 102 168664 1
22 4 170623 1
22 103 171446 1
22 2 171572 1
22 26 171795 1
22 8 171919 1
22 31 172030 1
22 18 174790 1
22 19 175265 1
22 99 175625 1
22 30 176665 1
22 1 176787 1
22 54 177015 1
22 50 176905 1
22 32 179241 1
42 9 189747 1
42 26 189747 1
42 3 114040 1
42 15 114040 1
42 35 114040 1
42 47 114040 1
42 22 114288 1
42 60 114288 1
42 24 115245 1
42 41 115245 1
42 13 115360 1
42 40 115472 1
42 20 115472 1
42 5 115479 1
42 83 122650 1
42 2 172391 1
42 55 172391 1
42 31 172517 1
42 17 172510 1
42 37 172637 1
42 43 172637 1
42 4 172876 1
42 8 173235 1
42 84 173838 1
42 85 175542 1
42 52 176365 1
42 14 180514 1
42 21 180623 1
42 1 180623 1
42 45 180748 1
42 50 180748 1
42 65 181127 1
42 12 181357 1
42 18 182074 1
42 6 182673 1
42 61 182794 1
42 27 183160 1
42 48 183520 1
42 23 184109 1
42 32 189159 1
42 19 190203 1
42 86 196300 1
42 25 250089 1
42 10 250201 1
45 65 159461 1
45 77 267154 1
45 89 261308 1
45 205 254641 1
45 208 254279 1
45 114 253337 1
45 30 253451 1
45 75 251441 1
45 76 251196 1
45 32 250014 1
45 25 249294 1
45 66 248946 1
45 27 246632 1
45 92 245340 1
45 202 244867 1
45 62 186851 1
45 44 186731 1
45 41 182125 1
45 59 181773 1
45 1 181533 1
45 85 175107 1
45 4 174524 1
45 3 171953 1
45 8 170968 1
45 36 169641 1
45 61 168337 1
45 22 168452 1
45 24 168090 1
45 48 167522 1
45 15 167158 1
45 51 166914 1
45 102 166313 1
45 47 165606 1
45 26 165154 1
45 5 164918 1
45 13 164918 1
45 11 164918 1
45 53 162521 1
45 35 182987 1
45 10 183106 1
45 31 183106 1
45 39 247279 1
45 12 179691 1
45 19 179691 1
45 18 179691 1
45 17 253000 1
45 60 253000 1
45 6 114237 1
45 14 114237 1
45 2 179449 1
45 50 179697 1
45 9 260929 1
45 16 184293 1
45 33 113983 1
45 40 113983 1
45 20 114110 1
45 43 114110 1
45 55 114477 1
45 23 114723 1
45 37 115648 1
45 42 115758 1
45 38 115991 1
45 207 126915 1
45 21 159096 1
24 166 213527 1
24 167 261702 1
24 75 258249 1
24 62 253404 1
24 53 253275 1
24 76 251572 1
24 10 251339 1
24 6 251227 1
24 25 250976 1
24 12 181636 1
24 19 257879 1
24 17 255587 1
24 11 251579 1
24 31 217405 1
24 39 113887 1
24 3 114111 1
24 47 114111 1
24 22 114237 1
24 41 114000 1
24 7 114473 1
24 5 114712 1
24 60 114244 1
24 35 114945 1
24 38 115063 1
24 13 115550 1
24 16 115676 1
24 4 115925 1
24 42 115925 1
24 21 116377 1
24 27 116377 1
24 15 117664 1
24 20 119113 1
24 102 167988 1
24 61 168118 1
24 45 168118 1
24 50 168118 1
24 65 168115 1
24 23 169062 1
24 48 169527 1
24 8 171562 1
24 18 171204 1
24 2 179449 1
24 26 181761 1
24 1 182487 1
24 14 182487 1
24 32 182732 1
24 52 189327 1
24 91 192307 1
24 164 201541 1
24 106 202394 1
24 165 212929 1
8 48 173673 1
8 13 169956 1
8 38 169956 1
8 17 172950 1
8 4 172950 1
8 18 254035 1
8 114 254035 1
8 9 182732 1
8 45 182732 1
8 35 182732 1
8 31 182732 1
8 12 185366 1
8 39 245941 1
8 130 248336 1
8 55 184443 1
8 22 184443 1
8 60 247976 1
8 6 173185 1
8 5 173185 1
8 61 173185 1
8 65 170195 1
8 3 170195 1
8 50 170195 1
8 26 173425 1
8 2 173425 1
16 32 177989 1
16 77 266976 1
16 192 265176 1
16 76 264696 1
16 62 264580 1
16 84 264462 1
16 51 261467 1
16 12 261345 1
16 61 258543 1
16 26 258432 1
16 46 257619 1
16 11 257491 1
16 30 257264 1
16 65 256173 1
16 75 256046 1
16 57 254704 1
16 17 252908 1
16 3 252908 1
16 191 222213 1
16 190 219116 1
16 18 195017 1
16 91 193809 1
16 36 192002 1
16 9 113960 1
16 55 113960 1
16 33 114081 1
16 4 114081 1
16 7 114661 1
16 14 115252 1
16 23 115595 1
16 22 115595 1
16 37 115595 1
16 39 115595 1
16 40 115595 1
16 15 116933 1
16 5 117281 1
16 20 117398 1
16 21 118485 1
16 41 118485 1
16 27 118971 1
16 19 118971 1
16 13 119085 1
16 171 120773 1
16 183 120773 1
16 184 121012 1
16 185 121122 1
16 173 121122 1
16 186 122436 1
16 187 123491 1
16 188 126519 1
16 189 140949 1
16 160 143582 1
16 48 178350 1
16 6 180294 1
16 60 182103 1
16 2 182218 1
16 74 182225 1
16 45 184151 1
16 10 184849 1
16 1 184391 1
16 35 187514 1
16 44 187633 1
16 66 187744 1
25 17 249868 1
25 22 249868 1
25 27 249868 1
25 35 249868 1
25 60 250344 1
25 3 250344 1
25 61 114334 1
25 114 243759 1
25 62 244121 1
25 43 244121 1
25 20 244739 1
25 32 244609 1
25 2 245205 1
25 55 244858 1
25 37 246631 1
25 45 246756 1
25 8 247735 1
25 39 247850 1
25 53 247612 1
25 47 249624 1
25 13 249747 1
25 23 249747 1
25 15 249992 1
25 14 249992 1
25 76 250115 1
25 18 250460 1
25 1 250460 1
25 73 250474 1
25 48 250587 1
25 26 250706 1
25 42 250706 1
25 21 250822 1
25 24 251055 1
25 75 251179 1
25 41 251630 1
25 50 251750 1
25 6 252100 1
25 74 252339 1
25 19 252459 1
25 11 252814 1
32 39 250323 1
32 130 250801 1
32 1 250323 1
32 9 188182 1
32 55 188182 1
32 18 182507 1
32 37 188047 1
32 31 176220 1
32 62 176345 1
32 30 176837 1
32 43 176587 1
32 48 176971 1
32 126 177822 1
32 13 179738 1
32 61 176823 1
32 6 180091 1
32 27 180091 1
32 50 182629 1
32 26 182629 1
32 65 182629 1
32 2 183128 1
32 42 183131 1
32 12 183131 1
32 35 183135 1
32 60 183135 1
32 3 183135 1
32 14 183863 1
32 19 184466 1
32 22 184594 1
32 66 186039 1
32 15 189552 1
32 52 189664 1
32 5 191295 1
32 127 195443 1
32 128 197011 1
32 129 197128 1
32 44 206407 1
32 72 210228 1
32 20 244444 1
32 25 244444 1
32 21 247807 1
32 45 249825 1
32 47 249825 1
32 17 249829 1
32 23 249953 1
32 73 250209 1
4 22 115742 1
4 53 261520 1
4 12 261654 1
4 75 257173 1
4 37 253590 1
4 66 251987 1
4 1 251286 1
4 74 251051 1
4 50 203502 1
4 85 174240 1
4 51 173905 1
4 18 173425 1
4 26 172005 1
4 41 171881 1
4 8 171772 1
4 60 171772 1
4 61 171295 1
4 17 171175 1
4 10 171175 1
4 48 171175 1
4 102 170019 1
4 9 169910 1
4 62 133891 1
4 177 126628 1
4 19 123493 1
4 15 123493 1
4 241 121450 1
4 170 117798 1
4 3 115974 1
4 14 115742 1
4 5 115742 1
4 238 256931 1
4 39 261400 1
4 2 261400 1
4 13 262021 1
4 23 250931 1
4 6 267203 1
4 21 267203 1
4 77 267203 1
4 11 267203 1
4 20 264637 1
4 40 113931 1
4 43 113931 1
4 55 113931 1
4 45 113931 1
4 33 113931 1
4 38 114050 1
4 7 114282 1
4 27 114282 1
4 16 114510 1
4 24 115486 1
4 35 115612 1
76 16 264816 1
76 35 264691 1
76 30 264691 1
76 62 263044 1
76 20 261708 1
76 1 259175 1
76 14 253268 1
76 18 253039 1
76 24 252287 1
76 45 251461 1
76 11 250867 1
76 10 250736 1
76 60 250264 1
76 25 250027 1
76 61 249533 1
76 22 248706 1
76 50 246563 1
76 39 245009 1
76 195 184620 1
76 194 183892 1
76 193 183651 1
76 21 160739 1
76 19 253275 1
76 17 253275 1
76 2 250513 1
40 2 255472 1
40 17 275901 1
40 36 275542 1
40 1 267020 1
40 19 257791 1
40 46 255593 1
40 21 255593 1
40 23 116132 1
40 35 267276 1
40 89 267276 1
40 61 267276 1
40 22 246913 1
40 55 249680 1
40 14 113877 1
40 43 113877 1
40 45 113877 1
40 6 113988 1
40 9 114118 1
40 20 114118 1
40 16 114118 1
40 4 114118 1
40 33 114482 1
40 18 114729 1
40 37 115195 1
40 39 115554 1
40 42 115900 1
40 3 116473 1
40 8 245130 1
40 133 245373 1
40 13 249567 1
40 26 250281 1
40 48 251002 1
40 74 251129 1
40 53 252332 1
40 50 252586 1
40 15 252823 1
40 11 252710 1
40 24 253321 1
77 55 268401 1
77 9 268044 1
77 37 267927 1
77 26 267818 1
77 41 267696 1
77 27 267565 1
77 1 267560 1
77 19 267437 1
77 45 267324 1
77 13 266147 1
77 16 267067 1
77 61 266950 1
77 18 266720 1
77 6 266026 1
77 20 266026 1
77 12 266026 1
77 17 266377 1
77 4 266029 1
77 2 265909 1
77 21 265909 1
77 59 265909 1
77 39 265909 1
77 35 265909 1
77 11 265909 1
77 100 174115 1
77 237 152118 1
77 58 116933 1
7 3 114437 1
7 4 114324 1
7 39 114302 1
7 38 114309 1
7 14 113943 1
7 13 114072 1
7 17 114067 1
7 5 114067 1
7 21 114067 1
7 48 113938 1
7 27 113931 1
7 60 113931 1
7 22 113931 1
7 33 113931 1
1 25 249868 1
1 27 267159 1
1 77 267041 1
1 40 266584 1
1 76 258599 1
1 75 257046 1
1 30 256340 1
1 24 254170 1
1 74 250829 1
1 4 250829 1
1 13 250096 1
1 32 249868 1
1 73 249868 1
1 60 116928 1
1 3 117047 1
1 61 156475 1
1 15 156609 1
1 39 158676 1
1 14 159153 1
1 47 159153 1
1 62 160458 1
1 48 160573 1
1 11 160806 1
1 31 162840 1
1 43 163095 1
1 20 163454 1
1 21 164062 1
1 37 164426 1
1 23 163218 1
1 63 164907 1
1 26 165276 1
1 35 165276 1
1 5 165276 1
1 6 165276 1
1 2 165276 1
1 17 165388 1
1 64 174292 1
1 9 177370 1
1 19 177599 1
1 50 177715 1
1 65 177715 1
1 10 177850 1
1 55 177850 1
1 18 178819 1
1 52 178589 1
1 54 179316 1
1 41 180180 1
1 53 180411 1
1 22 180538 1
1 42 180538 1
1 45 181152 1
1 12 181511 1
1 59 181747 1
1 8 182350 1
1 44 182740 1
1 16 183576 1
1 66 187322 1
1 67 194951 1
1 68 198145 1
1 69 198145 1
1 70 201095 1
1 71 205674 1
1 72 205786 1
3 41 115124 1
3 53 248063 1
3 76 247577 1
3 11 244201 1
3 6 244085 1
3 66 185949 1
3 60 185339 1
3 89 183880 1
3 9 183165 1
3 18 182192 1
3 59 182077 1
3 54 181841 1
3 26 181605 1
3 62 174113 1
3 12 172644 1
3 17 169712 1
3 10 168045 1
3 50 167918 1
3 65 167918 1
3 61 167918 1
3 96 128743 1
3 149 126849 1
3 175 125659 1
3 240 125659 1
3 174 125659 1
3 239 125309 1
3 188 125426 1
3 109 125191 1
3 229 124450 1
3 235 124330 1
3 1 117144 1
3 35 114528 1
3 21 114419 1
3 38 114419 1
3 42 114308 1
3 7 114308 1
3 14 114308 1
3 5 114308 1
3 24 114190 1
3 13 114190 1
3 4 172637 1
3 8 172637 1
3 55 172637 1
3 31 172637 1
3 125 183997 1
3 48 183997 1
3 47 172518 1
3 20 183887 1
3 44 244934 1
3 23 246007 1
3 45 249953 1
3 27 249953 1
3 39 249953 1
3 22 249953 1
3 25 248175 1
3 2 183055 1
3 15 247108 1
3 32 247108 1
3 37 174468 1
3 43 171179 1
3 19 185094 1
3 128 165779 1
61 50 164226 1
61 125 270142 1
61 46 267852 1
61 16 258618 1
61 40 258618 1
61 75 251708 1
61 84 250621 1
61 99 248108 1
61 62 247976 1
61 39 245964 1
61 181 194081 1
61 126 177897 1
61 14 174869 1
61 42 173302 1
61 41 171951 1
61 22 171587 1
61 26 171716 1
61 21 171716 1
61 210 170608 1
61 17 170365 1
61 37 169547 1
61 52 169184 1
61 38 169070 1
61 11 168952 1
61 44 168952 1
61 24 168008 1
61 45 167169 1
61 12 166811 1
61 47 166127 1
61 65 164934 1
61 6 173545 1
61 8 173545 1
61 5 173545 1
61 32 180080 1
61 48 180080 1
61 35 265448 1
61 20 170493 1
61 31 178491 1
61 4 171334 1
61 9 171334 1
61 89 267473 1
61 60 168130 1
61 3 168130 1
61 13 180788 1
61 27 180788 1
61 30 266859 1
61 76 262947 1
61 2 250740 1
61 43 250740 1
61 10 250740 1
61 55 172815 1
61 18 174379 1
61 25 117575 1
61 15 156947 1
61 1 158027 1
61 19 159826 1
61 23 160191 1
61 53 163002 1
15 21 117328 1
15 40 252694 1
15 39 250012 1
15 103 247835 1
15 32 189559 1
15 52 189450 1
15 66 186400 1
15 38 172410 1
15 31 171667 1
15 8 170949 1
15 9 166314 1
15 37 165846 1
15 63 165614 1
15 43 164916 1
15 50 164452 1
15 62 162887 1
15 65 162887 1
15 20 159701 1
15 61 158132 1
15 55 157283 1
15 177 128672 1
15 80 127628 1
15 218 127628 1
15 135 127387 1
15 220 127276 1
15 199 127276 1
15 136 126900 1
15 175 126560 1
15 109 126560 1
15 174 126560 1
15 27 125840 1
15 118 125587 1
15 183 125474 1
15 4 124001 1
15 19 118509 1
15 18 118639 1
15 2 171919 1
15 13 249782 1
15 45 249782 1
15 25 249782 1
15 14 249782 1
15 23 249782 1
15 17 172785 1
15 3 172785 1
15 12 172785 1
15 35 173039 1
15 6 246624 1
15 53 251707 1
15 22 245273 1
15 10 250372 1
15 26 252914 1
15 11 160921 1
15 5 165735 1
15 60 186751 1
15 1 221409 1
15 24 114106 1
15 47 113976 1
15 42 114349 1
15 48 117082 1
39 166 214902 1
39 9 267864 1
39 40 268369 1
39 30 267034 1
39 77 266318 1
39 6 264037 1
39 59 263914 1
39 12 261285 1
39 125 261908 1
39 41 259699 1
39 4 257193 1
39 114 252606 1
39 84 250773 1
39 26 250175 1
39 32 249702 1
39 15 249702 1
39 25 248044 1
39 20 248037 1
39 62 247806 1
39 53 247799 1
39 10 247208 1
39 55 246950 1
39 42 246943 1
39 36 246943 1
39 23 245877 1
39 60 245877 1
39 8 246114 1
39 11 245754 1
39 76 245162 1
39 92 244429 1
39 202 244924 1
39 38 114040 1
39 19 247074 1
39 22 247074 1
39 45 247074 1
39 35 249225 1
39 3 113912 1
39 21 113919 1
39 24 113919 1
39 5 113919 1
39 13 113919 1
39 47 114033 1
39 17 114033 1
39 27 114159 1
39 48 115105 1
39 14 115105 1
39 16 115451 1
39 18 116148 1
39 196 118195 1
39 197 118439 1
39 134 123447 1
39 118 130844 1
39 135 130844 1
39 174 130844 1
39 198 131082 1
39 199 132422 1
39 200 132648 1
39 183 133506 1
39 43 158899 1
39 1 158899 1
39 61 160349 1
39 2 160349 1
39 37 160477 1
39 44 160724 1
39 201 203531 1
14 27 115983 1
14 232 257304 1
14 24 256210 1
14 75 256088 1
14 66 251671 1
14 84 249761 1
14 46 249271 1
14 114 248321 1
14 99 246877 1
14 43 245675 1
14 50 245561 1
14 231 215773 1
14 229 213984 1
14 230 213745 1
14 228 213745 1
14 227 213628 1
14 226 211938 1
14 225 211479 1
14 224 211102 1
14 186 210273 1
14 223 208605 1
14 222 208598 1
14 205 197988 1
14 32 182771 1
14 30 182645 1
14 59 182645 1
14 10 182275 1
14 42 180603 1
14 51 175193 1
14 17 170765 1
14 61 170646 1
14 8 170519 1
14 13 164467 1
14 31 164467 1
14 35 164227 1
14 62 163513 1
14 1 159473 1
14 221 147236 1
14 26 131060 1
14 177 128395 1
14 109 126985 1
14 199 126985 1
14 80 126985 1
14 220 126985 1
14 175 126246 1
14 174 126246 1
14 219 126246 1
14 218 126246 1
14 183 126002 1
14 118 125379 1
14 106 125013 1
14 185 124888 1
14 172 124888 1
14 217 124612 1
14 22 117991 1
14 9 117991 1
14 16 117159 1
14 55 116462 1
14 23 116340 1
14 20 116340 1
14 2 181798 1
14 15 250129 1
14 76 251949 1
14 18 251949 1
14 19 251949 1
14 25 250014 1
14 11 177380 1
14 54 177380 1
14 21 113883 1
14 60 114122 1
14 38 114122 1
14 48 114374 1
14 5 114500 1
14 40 114627 1
14 6 114493 1
14 45 114865 1
14 37 115003 1
14 39 115130 1
14 4 115749 1
14 47 115983 1
14 3 115983 1
47 26 167602 1
47 6 253749 1
47 111 252304 1
47 30 252076 1
47 53 251949 1
47 75 251465 1
47 27 250129 1
47 25 249883 1
47 46 249411 1
47 36 246915 1
47 92 244976 1
47 202 243769 1
47 55 199005 1
47 205 199005 1
47 32 189652 1
47 18 173043 1
47 8 170977 1
47 84 170736 1
47 14 201449 1
47 48 250734 1
47 17 171461 1
47 22 114111 1
47 15 181761 1
47 60 114229 1
47 39 114229 1
47 35 114229 1
47 3 114570 1
47 41 114808 1
47 24 114808 1
47 5 115851 1
47 13 115851 1
47 42 114563 1
47 37 117183 1
47 21 118142 1
47 19 158724 1
47 62 159690 1
47 1 159562 1
47 11 160299 1
47 43 161536 1
47 88 161536 1
47 20 162998 1
47 23 162998 1
47 2 164538 1
47 63 165458 1
47 45 165580 1
47 38 165819 1
47 102 165819 1
47 50 165694 1
47 10 166175 1
47 12 165928 1
47 31 166664 1
47 61 166906 1
47 65 167131 1
48 23 116732 1
48 50 246787 1
48 127 196577 1
48 66 186086 1
48 60 184405 1
48 42 183915 1
48 3 183305 1
48 74 183041 1
48 126 177881 1
48 16 177270 1
48 32 177122 1
48 99 175685 1
48 55 172628 1
48 8 170964 1
48 84 170741 1
48 17 170741 1
48 52 169301 1
48 44 168025 1
48 10 167790 1
48 38 167783 1
48 45 167558 1
48 91 166599 1
48 26 165137 1
48 36 164392 1
48 12 161716 1
48 62 160999 1
48 1 160164 1
48 11 160157 1
48 76 122356 1
48 21 117337 1
48 41 117223 1
48 14 114618 1
48 6 182335 1
48 2 182689 1
48 59 182689 1
48 31 168261 1
48 24 175807 1
48 18 166826 1
48 19 184175 1
48 9 171567 1
48 61 171567 1
48 22 171567 1
48 43 113994 1
48 27 113994 1
48 39 114366 1
48 7 114501 1
48 5 115674 1
48 35 115898 1
48 20 116031 1
48 4 116499 1
48 47 116612 1
48 15 116612 1
48 13 116732 1
11 35 171756 1
11 59 263823 1
11 211 263585 1
11 125 261827 1
11 114 260320 1
11 41 258663 1
11 75 258084 1
11 16 257471 1
11 40 252804 1
11 53 252560 1
11 25 251805 1
11 76 251169 1
11 45 250931 1
11 89 250931 1
11 55 250311 1
11 4 249820 1
11 27 249469 1
11 46 248736 1
11 80 182108 1
11 60 181984 1
11 42 181243 1
11 54 177165 1
11 22 177165 1
11 30 175730 1
11 19 175368 1
11 9 175368 1
11 17 174649 1
11 84 166530 1
11 20 166530 1
11 6 166530 1
11 62 256042 1
11 5 256042 1
11 3 245877 1
11 39 245877 1
11 2 168090 1
11 38 168090 1
11 18 264561 1
11 47 160249 1
11 1 160249 1
11 14 160618 1
11 48 160618 1
11 15 161331 1
11 61 164764 1
11 50 164764 1
11 13 164886 1
11 21 164886 1
11 12 165475 1
11 26 166062 1
11 102 165818 1
11 133 166642 1
11 37 166642 1
11 10 167125 1
11 31 167118 1
11 23 167246 1
11 44 167964 1
11 65 171137 1
11 8 171137 1
11 24 171258 1
31 60 169852 1
31 165 213346 1
31 166 213103 1
31 100 205088 1
31 74 185762 1
31 16 185525 1
31 59 182875 1
31 14 182384 1
31 6 179788 1
31 41 179781 1
31 62 174825 1
31 32 175921 1
31 99 175545 1
31 130 174463 1
31 5 173634 1
31 55 173003 1
31 4 173270 1
31 42 172761 1
31 43 171922 1
31 24 170324 1
31 22 171683 1
31 45 171683 1
31 38 171683 1
31 47 171683 1
31 3 171683 1
31 15 173123 1
31 23 119082 1
31 39 155802 1
31 17 161872 1
31 27 161872 1
31 18 161872 1
31 2 161872 1
31 19 162114 1
31 21 163189 1
31 1 163189 1
31 50 164370 1
31 26 164600 1
31 10 164711 1
31 35 164821 1
31 61 165057 1
31 12 166504 1
31 65 166504 1
31 102 166627 1
31 9 166627 1
31 11 166852 1
31 20 166852 1
31 37 166963 1
31 125 167081 1
31 48 167566 1
31 44 167907 1
31 13 168248 1
31 84 168627 1
31 8 169721 1
